450.0 50.0
460.0 50.0
470.0 50.0
480.0 50.0
490.0 50.0
500.0 50.0
510.0 50.0
520.0 50.0
530.0 50.0
540.0 50.0
550.0 50.0
560.0 50.0
570.0 50.0
580.0 50.0
590.0 50.0
600.0 50.0
610.0 50.0
620.0 50.0
630.0 50.0
640.0 50.0
650.0 50.0
660.0 50.0
670.0 50.0
680.0 50.0
690.0 50.0
700.0 50.0
710.0 50.0
720.0 50.0
730.0 50.0
740.0 50.0
750.0 50.0
760.0 50.0
770.0 50.0
780.0 50.0
790.0 50.0
800.0 50.0
810.0 50.0
820.0 50.0
830.0 50.0
840.0 50.0
850.0 50.0
860.0 50.0
870.0 50.0
880.0 50.0
890.0 50.0
900.0 50.0
910.0 50.0
920.0 50.0
930.0 50.0
940.0 50.0
950.0 50.0
960.0 50.0
970.0 50.0
980.0 50.0
990.0 50.0
1000.0 50.0
1010.0 50.0
1020.0 50.0
1030.0 50.0
1040.0 50.0
1050.0 50.0
1060.0 50.0
1070.0 50.0
1080.0 50.0
1090.0 50.0
1100.0 50.0
1110.0 50.0
1120.0 50.0
1130.0 50.0
1140.0 50.0
1150.0 50.0
1160.0 50.0
1170.0 50.0
1180.0 50.0
1190.0 50.0
1200.0 50.0
1210.0 50.0
1220.0 50.0
1230.0 50.0
1240.0 50.0
1250.0 50.0
1260.0 50.0
1270.0 50.0
1280.0 50.0
1290.0 50.0
1300.0 50.0
1310.0 50.0
1320.0 50.0
1330.0 50.0
1340.0 50.0
1350.0 50.0
1360.0 50.0
1370.0 50.0
1380.0 50.0
1390.0 50.0
1400.0 50.0
1410.0 50.0
1420.0 50.0
1430.0 50.0
1440.0 50.0
1450.0 50.0
1460.0 50.0
1470.0 50.0
1480.0 50.0
1490.0 50.0
1500.0 50.0