4 1.2500000000e+01 5.0000000000e+01 0 401 402 1 399 -1 1 -1
4 3.7500000000e+01 5.0000000000e+01 1 402 403 2 0 -1 2 -1
4 6.2500000000e+01 5.0000000000e+01 2 403 404 3 1 -1 3 -1
4 8.7500000000e+01 5.0000000000e+01 3 404 405 4 2 -1 4 -1
4 1.1250000000e+02 5.0000000000e+01 4 405 406 5 3 -1 5 -1
4 1.3750000000e+02 5.0000000000e+01 5 406 407 6 4 -1 6 -1
4 1.6250000000e+02 5.0000000000e+01 6 407 408 7 5 -1 7 -1
4 1.8750000000e+02 5.0000000000e+01 7 408 409 8 6 -1 8 -1
4 2.1250000000e+02 5.0000000000e+01 8 409 410 9 7 -1 9 -1
4 2.3750000000e+02 5.0000000000e+01 9 410 411 10 8 -1 10 -1
4 2.6250000000e+02 5.0000000000e+01 10 411 412 11 9 -1 11 -1
4 2.8750000000e+02 5.0000000000e+01 11 412 413 12 10 -1 12 -1
4 3.1250000000e+02 5.0000000000e+01 12 413 414 13 11 -1 13 -1
4 3.3750000000e+02 5.0000000000e+01 13 414 415 14 12 -1 14 -1
4 3.6250000000e+02 5.0000000000e+01 14 415 416 15 13 -1 15 -1
4 3.8750000000e+02 5.0000000000e+01 15 416 417 16 14 -1 16 -1
4 4.1250000000e+02 5.0000000000e+01 16 417 418 17 15 -1 17 -1
4 4.3750000000e+02 5.0000000000e+01 17 418 419 18 16 -1 18 -1
4 4.6250000000e+02 5.0000000000e+01 18 419 420 19 17 -1 19 -1
4 4.8750000000e+02 5.0000000000e+01 19 420 421 20 18 -1 20 -1
4 5.1250000000e+02 5.0000000000e+01 20 421 422 21 19 -1 21 -1
4 5.3750000000e+02 5.0000000000e+01 21 422 423 22 20 -1 22 -1
4 5.6250000000e+02 5.0000000000e+01 22 423 424 23 21 -1 23 -1
4 5.8750000000e+02 5.0000000000e+01 23 424 425 24 22 -1 24 -1
4 6.1250000000e+02 5.0000000000e+01 24 425 426 25 23 -1 25 -1
4 6.3750000000e+02 5.0000000000e+01 25 426 427 26 24 -1 26 -1
4 6.6250000000e+02 5.0000000000e+01 26 427 428 27 25 -1 27 -1
4 6.8750000000e+02 5.0000000000e+01 27 428 429 28 26 -1 28 -1
4 7.1250000000e+02 5.0000000000e+01 28 429 430 29 27 -1 29 -1
4 7.3750000000e+02 5.0000000000e+01 29 430 431 30 28 -1 30 -1
4 7.6250000000e+02 5.0000000000e+01 30 431 432 31 29 -1 31 -1
4 7.8750000000e+02 5.0000000000e+01 31 432 433 32 30 -1 32 -1
4 8.1250000000e+02 5.0000000000e+01 32 433 434 33 31 -1 33 -1
4 8.3750000000e+02 5.0000000000e+01 33 434 435 34 32 -1 34 -1
4 8.6250000000e+02 5.0000000000e+01 34 435 436 35 33 -1 35 -1
4 8.8750000000e+02 5.0000000000e+01 35 436 437 36 34 -1 36 -1
4 9.1250000000e+02 5.0000000000e+01 36 437 438 37 35 -1 37 -1
4 9.3750000000e+02 5.0000000000e+01 37 438 439 38 36 -1 38 -1
4 9.6250000000e+02 5.0000000000e+01 38 439 440 39 37 -1 39 -1
4 9.8750000000e+02 5.0000000000e+01 39 440 441 40 38 -1 40 -1
4 1.0125000000e+03 5.0000000000e+01 40 441 442 41 39 -1 41 -1
4 1.0375000000e+03 5.0000000000e+01 41 442 443 42 40 -1 42 -1
4 1.0625000000e+03 5.0000000000e+01 42 443 444 43 41 -1 43 -1
4 1.0875000000e+03 5.0000000000e+01 43 444 445 44 42 -1 44 -1
4 1.1125000000e+03 5.0000000000e+01 44 445 446 45 43 -1 45 -1
4 1.1375000000e+03 5.0000000000e+01 45 446 447 46 44 -1 46 -1
4 1.1625000000e+03 5.0000000000e+01 46 447 448 47 45 -1 47 -1
4 1.1875000000e+03 5.0000000000e+01 47 448 449 48 46 -1 48 -1
4 1.2125000000e+03 5.0000000000e+01 48 449 450 49 47 -1 49 -1
4 1.2375000000e+03 5.0000000000e+01 49 450 451 50 48 -1 50 -1
4 1.2625000000e+03 5.0000000000e+01 50 451 452 51 49 -1 51 -1
4 1.2875000000e+03 5.0000000000e+01 51 452 453 52 50 -1 52 -1
4 1.3125000000e+03 5.0000000000e+01 52 453 454 53 51 -1 53 -1
4 1.3375000000e+03 5.0000000000e+01 53 454 455 54 52 -1 54 -1
4 1.3625000000e+03 5.0000000000e+01 54 455 456 55 53 -1 55 -1
4 1.3875000000e+03 5.0000000000e+01 55 456 457 56 54 -1 56 -1
4 1.4125000000e+03 5.0000000000e+01 56 457 458 57 55 -1 57 -1
4 1.4375000000e+03 5.0000000000e+01 57 458 459 58 56 -1 58 -1
4 1.4625000000e+03 5.0000000000e+01 58 459 460 59 57 -1 59 -1
4 1.4875000000e+03 5.0000000000e+01 59 460 461 60 58 -1 60 -1
4 1.5125000000e+03 5.0000000000e+01 60 461 462 61 59 -1 61 -1
4 1.5375000000e+03 5.0000000000e+01 61 462 463 62 60 -1 62 -1
4 1.5625000000e+03 5.0000000000e+01 62 463 464 63 61 -1 63 -1
4 1.5875000000e+03 5.0000000000e+01 63 464 465 64 62 -1 64 -1
4 1.6125000000e+03 5.0000000000e+01 64 465 466 65 63 -1 65 -1
4 1.6375000000e+03 5.0000000000e+01 65 466 467 66 64 -1 66 -1
4 1.6625000000e+03 5.0000000000e+01 66 467 468 67 65 -1 67 -1
4 1.6875000000e+03 5.0000000000e+01 67 468 469 68 66 -1 68 -1
4 1.7125000000e+03 5.0000000000e+01 68 469 470 69 67 -1 69 -1
4 1.7375000000e+03 5.0000000000e+01 69 470 471 70 68 -1 70 -1
4 1.7625000000e+03 5.0000000000e+01 70 471 472 71 69 -1 71 -1
4 1.7875000000e+03 5.0000000000e+01 71 472 473 72 70 -1 72 -1
4 1.8125000000e+03 5.0000000000e+01 72 473 474 73 71 -1 73 -1
4 1.8375000000e+03 5.0000000000e+01 73 474 475 74 72 -1 74 -1
4 1.8625000000e+03 5.0000000000e+01 74 475 476 75 73 -1 75 -1
4 1.8875000000e+03 5.0000000000e+01 75 476 477 76 74 -1 76 -1
4 1.9125000000e+03 5.0000000000e+01 76 477 478 77 75 -1 77 -1
4 1.9375000000e+03 5.0000000000e+01 77 478 479 78 76 -1 78 -1
4 1.9625000000e+03 5.0000000000e+01 78 479 480 79 77 -1 79 -1
4 1.9875000000e+03 5.0000000000e+01 79 480 481 80 78 -1 80 -1
4 2.0125000000e+03 5.0000000000e+01 80 481 482 81 79 -1 81 -1
4 2.0375000000e+03 5.0000000000e+01 81 482 483 82 80 -1 82 -1
4 2.0625000000e+03 5.0000000000e+01 82 483 484 83 81 -1 83 -1
4 2.0875000000e+03 5.0000000000e+01 83 484 485 84 82 -1 84 -1
4 2.1125000000e+03 5.0000000000e+01 84 485 486 85 83 -1 85 -1
4 2.1375000000e+03 5.0000000000e+01 85 486 487 86 84 -1 86 -1
4 2.1625000000e+03 5.0000000000e+01 86 487 488 87 85 -1 87 -1
4 2.1875000000e+03 5.0000000000e+01 87 488 489 88 86 -1 88 -1
4 2.2125000000e+03 5.0000000000e+01 88 489 490 89 87 -1 89 -1
4 2.2375000000e+03 5.0000000000e+01 89 490 491 90 88 -1 90 -1
4 2.2625000000e+03 5.0000000000e+01 90 491 492 91 89 -1 91 -1
4 2.2875000000e+03 5.0000000000e+01 91 492 493 92 90 -1 92 -1
4 2.3125000000e+03 5.0000000000e+01 92 493 494 93 91 -1 93 -1
4 2.3375000000e+03 5.0000000000e+01 93 494 495 94 92 -1 94 -1
4 2.3625000000e+03 5.0000000000e+01 94 495 496 95 93 -1 95 -1
4 2.3875000000e+03 5.0000000000e+01 95 496 497 96 94 -1 96 -1
4 2.4125000000e+03 5.0000000000e+01 96 497 498 97 95 -1 97 -1
4 2.4375000000e+03 5.0000000000e+01 97 498 499 98 96 -1 98 -1
4 2.4625000000e+03 5.0000000000e+01 98 499 500 99 97 -1 99 -1
4 2.4875000000e+03 5.0000000000e+01 99 500 501 100 98 -1 100 -1
4 2.5125000000e+03 5.0000000000e+01 100 501 502 101 99 -1 101 -1
4 2.5375000000e+03 5.0000000000e+01 101 502 503 102 100 -1 102 -1
4 2.5625000000e+03 5.0000000000e+01 102 503 504 103 101 -1 103 -1
4 2.5875000000e+03 5.0000000000e+01 103 504 505 104 102 -1 104 -1
4 2.6125000000e+03 5.0000000000e+01 104 505 506 105 103 -1 105 -1
4 2.6375000000e+03 5.0000000000e+01 105 506 507 106 104 -1 106 -1
4 2.6625000000e+03 5.0000000000e+01 106 507 508 107 105 -1 107 -1
4 2.6875000000e+03 5.0000000000e+01 107 508 509 108 106 -1 108 -1
4 2.7125000000e+03 5.0000000000e+01 108 509 510 109 107 -1 109 -1
4 2.7375000000e+03 5.0000000000e+01 109 510 511 110 108 -1 110 -1
4 2.7625000000e+03 5.0000000000e+01 110 511 512 111 109 -1 111 -1
4 2.7875000000e+03 5.0000000000e+01 111 512 513 112 110 -1 112 -1
4 2.8125000000e+03 5.0000000000e+01 112 513 514 113 111 -1 113 -1
4 2.8375000000e+03 5.0000000000e+01 113 514 515 114 112 -1 114 -1
4 2.8625000000e+03 5.0000000000e+01 114 515 516 115 113 -1 115 -1
4 2.8875000000e+03 5.0000000000e+01 115 516 517 116 114 -1 116 -1
4 2.9125000000e+03 5.0000000000e+01 116 517 518 117 115 -1 117 -1
4 2.9375000000e+03 5.0000000000e+01 117 518 519 118 116 -1 118 -1
4 2.9625000000e+03 5.0000000000e+01 118 519 520 119 117 -1 119 -1
4 2.9875000000e+03 5.0000000000e+01 119 520 521 120 118 -1 120 -1
4 3.0125000000e+03 5.0000000000e+01 120 521 522 121 119 -1 121 -1
4 3.0375000000e+03 5.0000000000e+01 121 522 523 122 120 -1 122 -1
4 3.0625000000e+03 5.0000000000e+01 122 523 524 123 121 -1 123 -1
4 3.0875000000e+03 5.0000000000e+01 123 524 525 124 122 -1 124 -1
4 3.1125000000e+03 5.0000000000e+01 124 525 526 125 123 -1 125 -1
4 3.1375000000e+03 5.0000000000e+01 125 526 527 126 124 -1 126 -1
4 3.1625000000e+03 5.0000000000e+01 126 527 528 127 125 -1 127 -1
4 3.1875000000e+03 5.0000000000e+01 127 528 529 128 126 -1 128 -1
4 3.2125000000e+03 5.0000000000e+01 128 529 530 129 127 -1 129 -1
4 3.2375000000e+03 5.0000000000e+01 129 530 531 130 128 -1 130 -1
4 3.2625000000e+03 5.0000000000e+01 130 531 532 131 129 -1 131 -1
4 3.2875000000e+03 5.0000000000e+01 131 532 533 132 130 -1 132 -1
4 3.3125000000e+03 5.0000000000e+01 132 533 534 133 131 -1 133 -1
4 3.3375000000e+03 5.0000000000e+01 133 534 535 134 132 -1 134 -1
4 3.3625000000e+03 5.0000000000e+01 134 535 536 135 133 -1 135 -1
4 3.3875000000e+03 5.0000000000e+01 135 536 537 136 134 -1 136 -1
4 3.4125000000e+03 5.0000000000e+01 136 537 538 137 135 -1 137 -1
4 3.4375000000e+03 5.0000000000e+01 137 538 539 138 136 -1 138 -1
4 3.4625000000e+03 5.0000000000e+01 138 539 540 139 137 -1 139 -1
4 3.4875000000e+03 5.0000000000e+01 139 540 541 140 138 -1 140 -1
4 3.5125000000e+03 5.0000000000e+01 140 541 542 141 139 -1 141 -1
4 3.5375000000e+03 5.0000000000e+01 141 542 543 142 140 -1 142 -1
4 3.5625000000e+03 5.0000000000e+01 142 543 544 143 141 -1 143 -1
4 3.5875000000e+03 5.0000000000e+01 143 544 545 144 142 -1 144 -1
4 3.6125000000e+03 5.0000000000e+01 144 545 546 145 143 -1 145 -1
4 3.6375000000e+03 5.0000000000e+01 145 546 547 146 144 -1 146 -1
4 3.6625000000e+03 5.0000000000e+01 146 547 548 147 145 -1 147 -1
4 3.6875000000e+03 5.0000000000e+01 147 548 549 148 146 -1 148 -1
4 3.7125000000e+03 5.0000000000e+01 148 549 550 149 147 -1 149 -1
4 3.7375000000e+03 5.0000000000e+01 149 550 551 150 148 -1 150 -1
4 3.7625000000e+03 5.0000000000e+01 150 551 552 151 149 -1 151 -1
4 3.7875000000e+03 5.0000000000e+01 151 552 553 152 150 -1 152 -1
4 3.8125000000e+03 5.0000000000e+01 152 553 554 153 151 -1 153 -1
4 3.8375000000e+03 5.0000000000e+01 153 554 555 154 152 -1 154 -1
4 3.8625000000e+03 5.0000000000e+01 154 555 556 155 153 -1 155 -1
4 3.8875000000e+03 5.0000000000e+01 155 556 557 156 154 -1 156 -1
4 3.9125000000e+03 5.0000000000e+01 156 557 558 157 155 -1 157 -1
4 3.9375000000e+03 5.0000000000e+01 157 558 559 158 156 -1 158 -1
4 3.9625000000e+03 5.0000000000e+01 158 559 560 159 157 -1 159 -1
4 3.9875000000e+03 5.0000000000e+01 159 560 561 160 158 -1 160 -1
4 4.0125000000e+03 5.0000000000e+01 160 561 562 161 159 -1 161 -1
4 4.0375000000e+03 5.0000000000e+01 161 562 563 162 160 -1 162 -1
4 4.0625000000e+03 5.0000000000e+01 162 563 564 163 161 -1 163 -1
4 4.0875000000e+03 5.0000000000e+01 163 564 565 164 162 -1 164 -1
4 4.1125000000e+03 5.0000000000e+01 164 565 566 165 163 -1 165 -1
4 4.1375000000e+03 5.0000000000e+01 165 566 567 166 164 -1 166 -1
4 4.1625000000e+03 5.0000000000e+01 166 567 568 167 165 -1 167 -1
4 4.1875000000e+03 5.0000000000e+01 167 568 569 168 166 -1 168 -1
4 4.2125000000e+03 5.0000000000e+01 168 569 570 169 167 -1 169 -1
4 4.2375000000e+03 5.0000000000e+01 169 570 571 170 168 -1 170 -1
4 4.2625000000e+03 5.0000000000e+01 170 571 572 171 169 -1 171 -1
4 4.2875000000e+03 5.0000000000e+01 171 572 573 172 170 -1 172 -1
4 4.3125000000e+03 5.0000000000e+01 172 573 574 173 171 -1 173 -1
4 4.3375000000e+03 5.0000000000e+01 173 574 575 174 172 -1 174 -1
4 4.3625000000e+03 5.0000000000e+01 174 575 576 175 173 -1 175 -1
4 4.3875000000e+03 5.0000000000e+01 175 576 577 176 174 -1 176 -1
4 4.4125000000e+03 5.0000000000e+01 176 577 578 177 175 -1 177 -1
4 4.4375000000e+03 5.0000000000e+01 177 578 579 178 176 -1 178 -1
4 4.4625000000e+03 5.0000000000e+01 178 579 580 179 177 -1 179 -1
4 4.4875000000e+03 5.0000000000e+01 179 580 581 180 178 -1 180 -1
4 4.5125000000e+03 5.0000000000e+01 180 581 582 181 179 -1 181 -1
4 4.5375000000e+03 5.0000000000e+01 181 582 583 182 180 -1 182 -1
4 4.5625000000e+03 5.0000000000e+01 182 583 584 183 181 -1 183 -1
4 4.5875000000e+03 5.0000000000e+01 183 584 585 184 182 -1 184 -1
4 4.6125000000e+03 5.0000000000e+01 184 585 586 185 183 -1 185 -1
4 4.6375000000e+03 5.0000000000e+01 185 586 587 186 184 -1 186 -1
4 4.6625000000e+03 5.0000000000e+01 186 587 588 187 185 -1 187 -1
4 4.6875000000e+03 5.0000000000e+01 187 588 589 188 186 -1 188 -1
4 4.7125000000e+03 5.0000000000e+01 188 589 590 189 187 -1 189 -1
4 4.7375000000e+03 5.0000000000e+01 189 590 591 190 188 -1 190 -1
4 4.7625000000e+03 5.0000000000e+01 190 591 592 191 189 -1 191 -1
4 4.7875000000e+03 5.0000000000e+01 191 592 593 192 190 -1 192 -1
4 4.8125000000e+03 5.0000000000e+01 192 593 594 193 191 -1 193 -1
4 4.8375000000e+03 5.0000000000e+01 193 594 595 194 192 -1 194 -1
4 4.8625000000e+03 5.0000000000e+01 194 595 596 195 193 -1 195 -1
4 4.8875000000e+03 5.0000000000e+01 195 596 597 196 194 -1 196 -1
4 4.9125000000e+03 5.0000000000e+01 196 597 598 197 195 -1 197 -1
4 4.9375000000e+03 5.0000000000e+01 197 598 599 198 196 -1 198 -1
4 4.9625000000e+03 5.0000000000e+01 198 599 600 199 197 -1 199 -1
4 4.9875000000e+03 5.0000000000e+01 199 600 601 200 198 -1 200 -1
4 5.0125000000e+03 5.0000000000e+01 200 601 602 201 199 -1 201 -1
4 5.0375000000e+03 5.0000000000e+01 201 602 603 202 200 -1 202 -1
4 5.0625000000e+03 5.0000000000e+01 202 603 604 203 201 -1 203 -1
4 5.0875000000e+03 5.0000000000e+01 203 604 605 204 202 -1 204 -1
4 5.1125000000e+03 5.0000000000e+01 204 605 606 205 203 -1 205 -1
4 5.1375000000e+03 5.0000000000e+01 205 606 607 206 204 -1 206 -1
4 5.1625000000e+03 5.0000000000e+01 206 607 608 207 205 -1 207 -1
4 5.1875000000e+03 5.0000000000e+01 207 608 609 208 206 -1 208 -1
4 5.2125000000e+03 5.0000000000e+01 208 609 610 209 207 -1 209 -1
4 5.2375000000e+03 5.0000000000e+01 209 610 611 210 208 -1 210 -1
4 5.2625000000e+03 5.0000000000e+01 210 611 612 211 209 -1 211 -1
4 5.2875000000e+03 5.0000000000e+01 211 612 613 212 210 -1 212 -1
4 5.3125000000e+03 5.0000000000e+01 212 613 614 213 211 -1 213 -1
4 5.3375000000e+03 5.0000000000e+01 213 614 615 214 212 -1 214 -1
4 5.3625000000e+03 5.0000000000e+01 214 615 616 215 213 -1 215 -1
4 5.3875000000e+03 5.0000000000e+01 215 616 617 216 214 -1 216 -1
4 5.4125000000e+03 5.0000000000e+01 216 617 618 217 215 -1 217 -1
4 5.4375000000e+03 5.0000000000e+01 217 618 619 218 216 -1 218 -1
4 5.4625000000e+03 5.0000000000e+01 218 619 620 219 217 -1 219 -1
4 5.4875000000e+03 5.0000000000e+01 219 620 621 220 218 -1 220 -1
4 5.5125000000e+03 5.0000000000e+01 220 621 622 221 219 -1 221 -1
4 5.5375000000e+03 5.0000000000e+01 221 622 623 222 220 -1 222 -1
4 5.5625000000e+03 5.0000000000e+01 222 623 624 223 221 -1 223 -1
4 5.5875000000e+03 5.0000000000e+01 223 624 625 224 222 -1 224 -1
4 5.6125000000e+03 5.0000000000e+01 224 625 626 225 223 -1 225 -1
4 5.6375000000e+03 5.0000000000e+01 225 626 627 226 224 -1 226 -1
4 5.6625000000e+03 5.0000000000e+01 226 627 628 227 225 -1 227 -1
4 5.6875000000e+03 5.0000000000e+01 227 628 629 228 226 -1 228 -1
4 5.7125000000e+03 5.0000000000e+01 228 629 630 229 227 -1 229 -1
4 5.7375000000e+03 5.0000000000e+01 229 630 631 230 228 -1 230 -1
4 5.7625000000e+03 5.0000000000e+01 230 631 632 231 229 -1 231 -1
4 5.7875000000e+03 5.0000000000e+01 231 632 633 232 230 -1 232 -1
4 5.8125000000e+03 5.0000000000e+01 232 633 634 233 231 -1 233 -1
4 5.8375000000e+03 5.0000000000e+01 233 634 635 234 232 -1 234 -1
4 5.8625000000e+03 5.0000000000e+01 234 635 636 235 233 -1 235 -1
4 5.8875000000e+03 5.0000000000e+01 235 636 637 236 234 -1 236 -1
4 5.9125000000e+03 5.0000000000e+01 236 637 638 237 235 -1 237 -1
4 5.9375000000e+03 5.0000000000e+01 237 638 639 238 236 -1 238 -1
4 5.9625000000e+03 5.0000000000e+01 238 639 640 239 237 -1 239 -1
4 5.9875000000e+03 5.0000000000e+01 239 640 641 240 238 -1 240 -1
4 6.0125000000e+03 5.0000000000e+01 240 641 642 241 239 -1 241 -1
4 6.0375000000e+03 5.0000000000e+01 241 642 643 242 240 -1 242 -1
4 6.0625000000e+03 5.0000000000e+01 242 643 644 243 241 -1 243 -1
4 6.0875000000e+03 5.0000000000e+01 243 644 645 244 242 -1 244 -1
4 6.1125000000e+03 5.0000000000e+01 244 645 646 245 243 -1 245 -1
4 6.1375000000e+03 5.0000000000e+01 245 646 647 246 244 -1 246 -1
4 6.1625000000e+03 5.0000000000e+01 246 647 648 247 245 -1 247 -1
4 6.1875000000e+03 5.0000000000e+01 247 648 649 248 246 -1 248 -1
4 6.2125000000e+03 5.0000000000e+01 248 649 650 249 247 -1 249 -1
4 6.2375000000e+03 5.0000000000e+01 249 650 651 250 248 -1 250 -1
4 6.2625000000e+03 5.0000000000e+01 250 651 652 251 249 -1 251 -1
4 6.2875000000e+03 5.0000000000e+01 251 652 653 252 250 -1 252 -1
4 6.3125000000e+03 5.0000000000e+01 252 653 654 253 251 -1 253 -1
4 6.3375000000e+03 5.0000000000e+01 253 654 655 254 252 -1 254 -1
4 6.3625000000e+03 5.0000000000e+01 254 655 656 255 253 -1 255 -1
4 6.3875000000e+03 5.0000000000e+01 255 656 657 256 254 -1 256 -1
4 6.4125000000e+03 5.0000000000e+01 256 657 658 257 255 -1 257 -1
4 6.4375000000e+03 5.0000000000e+01 257 658 659 258 256 -1 258 -1
4 6.4625000000e+03 5.0000000000e+01 258 659 660 259 257 -1 259 -1
4 6.4875000000e+03 5.0000000000e+01 259 660 661 260 258 -1 260 -1
4 6.5125000000e+03 5.0000000000e+01 260 661 662 261 259 -1 261 -1
4 6.5375000000e+03 5.0000000000e+01 261 662 663 262 260 -1 262 -1
4 6.5625000000e+03 5.0000000000e+01 262 663 664 263 261 -1 263 -1
4 6.5875000000e+03 5.0000000000e+01 263 664 665 264 262 -1 264 -1
4 6.6125000000e+03 5.0000000000e+01 264 665 666 265 263 -1 265 -1
4 6.6375000000e+03 5.0000000000e+01 265 666 667 266 264 -1 266 -1
4 6.6625000000e+03 5.0000000000e+01 266 667 668 267 265 -1 267 -1
4 6.6875000000e+03 5.0000000000e+01 267 668 669 268 266 -1 268 -1
4 6.7125000000e+03 5.0000000000e+01 268 669 670 269 267 -1 269 -1
4 6.7375000000e+03 5.0000000000e+01 269 670 671 270 268 -1 270 -1
4 6.7625000000e+03 5.0000000000e+01 270 671 672 271 269 -1 271 -1
4 6.7875000000e+03 5.0000000000e+01 271 672 673 272 270 -1 272 -1
4 6.8125000000e+03 5.0000000000e+01 272 673 674 273 271 -1 273 -1
4 6.8375000000e+03 5.0000000000e+01 273 674 675 274 272 -1 274 -1
4 6.8625000000e+03 5.0000000000e+01 274 675 676 275 273 -1 275 -1
4 6.8875000000e+03 5.0000000000e+01 275 676 677 276 274 -1 276 -1
4 6.9125000000e+03 5.0000000000e+01 276 677 678 277 275 -1 277 -1
4 6.9375000000e+03 5.0000000000e+01 277 678 679 278 276 -1 278 -1
4 6.9625000000e+03 5.0000000000e+01 278 679 680 279 277 -1 279 -1
4 6.9875000000e+03 5.0000000000e+01 279 680 681 280 278 -1 280 -1
4 7.0125000000e+03 5.0000000000e+01 280 681 682 281 279 -1 281 -1
4 7.0375000000e+03 5.0000000000e+01 281 682 683 282 280 -1 282 -1
4 7.0625000000e+03 5.0000000000e+01 282 683 684 283 281 -1 283 -1
4 7.0875000000e+03 5.0000000000e+01 283 684 685 284 282 -1 284 -1
4 7.1125000000e+03 5.0000000000e+01 284 685 686 285 283 -1 285 -1
4 7.1375000000e+03 5.0000000000e+01 285 686 687 286 284 -1 286 -1
4 7.1625000000e+03 5.0000000000e+01 286 687 688 287 285 -1 287 -1
4 7.1875000000e+03 5.0000000000e+01 287 688 689 288 286 -1 288 -1
4 7.2125000000e+03 5.0000000000e+01 288 689 690 289 287 -1 289 -1
4 7.2375000000e+03 5.0000000000e+01 289 690 691 290 288 -1 290 -1
4 7.2625000000e+03 5.0000000000e+01 290 691 692 291 289 -1 291 -1
4 7.2875000000e+03 5.0000000000e+01 291 692 693 292 290 -1 292 -1
4 7.3125000000e+03 5.0000000000e+01 292 693 694 293 291 -1 293 -1
4 7.3375000000e+03 5.0000000000e+01 293 694 695 294 292 -1 294 -1
4 7.3625000000e+03 5.0000000000e+01 294 695 696 295 293 -1 295 -1
4 7.3875000000e+03 5.0000000000e+01 295 696 697 296 294 -1 296 -1
4 7.4125000000e+03 5.0000000000e+01 296 697 698 297 295 -1 297 -1
4 7.4375000000e+03 5.0000000000e+01 297 698 699 298 296 -1 298 -1
4 7.4625000000e+03 5.0000000000e+01 298 699 700 299 297 -1 299 -1
4 7.4875000000e+03 5.0000000000e+01 299 700 701 300 298 -1 300 -1
4 7.5125000000e+03 5.0000000000e+01 300 701 702 301 299 -1 301 -1
4 7.5375000000e+03 5.0000000000e+01 301 702 703 302 300 -1 302 -1
4 7.5625000000e+03 5.0000000000e+01 302 703 704 303 301 -1 303 -1
4 7.5875000000e+03 5.0000000000e+01 303 704 705 304 302 -1 304 -1
4 7.6125000000e+03 5.0000000000e+01 304 705 706 305 303 -1 305 -1
4 7.6375000000e+03 5.0000000000e+01 305 706 707 306 304 -1 306 -1
4 7.6625000000e+03 5.0000000000e+01 306 707 708 307 305 -1 307 -1
4 7.6875000000e+03 5.0000000000e+01 307 708 709 308 306 -1 308 -1
4 7.7125000000e+03 5.0000000000e+01 308 709 710 309 307 -1 309 -1
4 7.7375000000e+03 5.0000000000e+01 309 710 711 310 308 -1 310 -1
4 7.7625000000e+03 5.0000000000e+01 310 711 712 311 309 -1 311 -1
4 7.7875000000e+03 5.0000000000e+01 311 712 713 312 310 -1 312 -1
4 7.8125000000e+03 5.0000000000e+01 312 713 714 313 311 -1 313 -1
4 7.8375000000e+03 5.0000000000e+01 313 714 715 314 312 -1 314 -1
4 7.8625000000e+03 5.0000000000e+01 314 715 716 315 313 -1 315 -1
4 7.8875000000e+03 5.0000000000e+01 315 716 717 316 314 -1 316 -1
4 7.9125000000e+03 5.0000000000e+01 316 717 718 317 315 -1 317 -1
4 7.9375000000e+03 5.0000000000e+01 317 718 719 318 316 -1 318 -1
4 7.9625000000e+03 5.0000000000e+01 318 719 720 319 317 -1 319 -1
4 7.9875000000e+03 5.0000000000e+01 319 720 721 320 318 -1 320 -1
4 8.0125000000e+03 5.0000000000e+01 320 721 722 321 319 -1 321 -1
4 8.0375000000e+03 5.0000000000e+01 321 722 723 322 320 -1 322 -1
4 8.0625000000e+03 5.0000000000e+01 322 723 724 323 321 -1 323 -1
4 8.0875000000e+03 5.0000000000e+01 323 724 725 324 322 -1 324 -1
4 8.1125000000e+03 5.0000000000e+01 324 725 726 325 323 -1 325 -1
4 8.1375000000e+03 5.0000000000e+01 325 726 727 326 324 -1 326 -1
4 8.1625000000e+03 5.0000000000e+01 326 727 728 327 325 -1 327 -1
4 8.1875000000e+03 5.0000000000e+01 327 728 729 328 326 -1 328 -1
4 8.2125000000e+03 5.0000000000e+01 328 729 730 329 327 -1 329 -1
4 8.2375000000e+03 5.0000000000e+01 329 730 731 330 328 -1 330 -1
4 8.2625000000e+03 5.0000000000e+01 330 731 732 331 329 -1 331 -1
4 8.2875000000e+03 5.0000000000e+01 331 732 733 332 330 -1 332 -1
4 8.3125000000e+03 5.0000000000e+01 332 733 734 333 331 -1 333 -1
4 8.3375000000e+03 5.0000000000e+01 333 734 735 334 332 -1 334 -1
4 8.3625000000e+03 5.0000000000e+01 334 735 736 335 333 -1 335 -1
4 8.3875000000e+03 5.0000000000e+01 335 736 737 336 334 -1 336 -1
4 8.4125000000e+03 5.0000000000e+01 336 737 738 337 335 -1 337 -1
4 8.4375000000e+03 5.0000000000e+01 337 738 739 338 336 -1 338 -1
4 8.4625000000e+03 5.0000000000e+01 338 739 740 339 337 -1 339 -1
4 8.4875000000e+03 5.0000000000e+01 339 740 741 340 338 -1 340 -1
4 8.5125000000e+03 5.0000000000e+01 340 741 742 341 339 -1 341 -1
4 8.5375000000e+03 5.0000000000e+01 341 742 743 342 340 -1 342 -1
4 8.5625000000e+03 5.0000000000e+01 342 743 744 343 341 -1 343 -1
4 8.5875000000e+03 5.0000000000e+01 343 744 745 344 342 -1 344 -1
4 8.6125000000e+03 5.0000000000e+01 344 745 746 345 343 -1 345 -1
4 8.6375000000e+03 5.0000000000e+01 345 746 747 346 344 -1 346 -1
4 8.6625000000e+03 5.0000000000e+01 346 747 748 347 345 -1 347 -1
4 8.6875000000e+03 5.0000000000e+01 347 748 749 348 346 -1 348 -1
4 8.7125000000e+03 5.0000000000e+01 348 749 750 349 347 -1 349 -1
4 8.7375000000e+03 5.0000000000e+01 349 750 751 350 348 -1 350 -1
4 8.7625000000e+03 5.0000000000e+01 350 751 752 351 349 -1 351 -1
4 8.7875000000e+03 5.0000000000e+01 351 752 753 352 350 -1 352 -1
4 8.8125000000e+03 5.0000000000e+01 352 753 754 353 351 -1 353 -1
4 8.8375000000e+03 5.0000000000e+01 353 754 755 354 352 -1 354 -1
4 8.8625000000e+03 5.0000000000e+01 354 755 756 355 353 -1 355 -1
4 8.8875000000e+03 5.0000000000e+01 355 756 757 356 354 -1 356 -1
4 8.9125000000e+03 5.0000000000e+01 356 757 758 357 355 -1 357 -1
4 8.9375000000e+03 5.0000000000e+01 357 758 759 358 356 -1 358 -1
4 8.9625000000e+03 5.0000000000e+01 358 759 760 359 357 -1 359 -1
4 8.9875000000e+03 5.0000000000e+01 359 760 761 360 358 -1 360 -1
4 9.0125000000e+03 5.0000000000e+01 360 761 762 361 359 -1 361 -1
4 9.0375000000e+03 5.0000000000e+01 361 762 763 362 360 -1 362 -1
4 9.0625000000e+03 5.0000000000e+01 362 763 764 363 361 -1 363 -1
4 9.0875000000e+03 5.0000000000e+01 363 764 765 364 362 -1 364 -1
4 9.1125000000e+03 5.0000000000e+01 364 765 766 365 363 -1 365 -1
4 9.1375000000e+03 5.0000000000e+01 365 766 767 366 364 -1 366 -1
4 9.1625000000e+03 5.0000000000e+01 366 767 768 367 365 -1 367 -1
4 9.1875000000e+03 5.0000000000e+01 367 768 769 368 366 -1 368 -1
4 9.2125000000e+03 5.0000000000e+01 368 769 770 369 367 -1 369 -1
4 9.2375000000e+03 5.0000000000e+01 369 770 771 370 368 -1 370 -1
4 9.2625000000e+03 5.0000000000e+01 370 771 772 371 369 -1 371 -1
4 9.2875000000e+03 5.0000000000e+01 371 772 773 372 370 -1 372 -1
4 9.3125000000e+03 5.0000000000e+01 372 773 774 373 371 -1 373 -1
4 9.3375000000e+03 5.0000000000e+01 373 774 775 374 372 -1 374 -1
4 9.3625000000e+03 5.0000000000e+01 374 775 776 375 373 -1 375 -1
4 9.3875000000e+03 5.0000000000e+01 375 776 777 376 374 -1 376 -1
4 9.4125000000e+03 5.0000000000e+01 376 777 778 377 375 -1 377 -1
4 9.4375000000e+03 5.0000000000e+01 377 778 779 378 376 -1 378 -1
4 9.4625000000e+03 5.0000000000e+01 378 779 780 379 377 -1 379 -1
4 9.4875000000e+03 5.0000000000e+01 379 780 781 380 378 -1 380 -1
4 9.5125000000e+03 5.0000000000e+01 380 781 782 381 379 -1 381 -1
4 9.5375000000e+03 5.0000000000e+01 381 782 783 382 380 -1 382 -1
4 9.5625000000e+03 5.0000000000e+01 382 783 784 383 381 -1 383 -1
4 9.5875000000e+03 5.0000000000e+01 383 784 785 384 382 -1 384 -1
4 9.6125000000e+03 5.0000000000e+01 384 785 786 385 383 -1 385 -1
4 9.6375000000e+03 5.0000000000e+01 385 786 787 386 384 -1 386 -1
4 9.6625000000e+03 5.0000000000e+01 386 787 788 387 385 -1 387 -1
4 9.6875000000e+03 5.0000000000e+01 387 788 789 388 386 -1 388 -1
4 9.7125000000e+03 5.0000000000e+01 388 789 790 389 387 -1 389 -1
4 9.7375000000e+03 5.0000000000e+01 389 790 791 390 388 -1 390 -1
4 9.7625000000e+03 5.0000000000e+01 390 791 792 391 389 -1 391 -1
4 9.7875000000e+03 5.0000000000e+01 391 792 793 392 390 -1 392 -1
4 9.8125000000e+03 5.0000000000e+01 392 793 794 393 391 -1 393 -1
4 9.8375000000e+03 5.0000000000e+01 393 794 795 394 392 -1 394 -1
4 9.8625000000e+03 5.0000000000e+01 394 795 796 395 393 -1 395 -1
4 9.8875000000e+03 5.0000000000e+01 395 796 797 396 394 -1 396 -1
4 9.9125000000e+03 5.0000000000e+01 396 797 798 397 395 -1 397 -1
4 9.9375000000e+03 5.0000000000e+01 397 798 799 398 396 -1 398 -1
4 9.9625000000e+03 5.0000000000e+01 398 799 800 399 397 -1 399 -1
4 9.9875000000e+03 5.0000000000e+01 399 800 801 400 398 -1 0 -1
